-2997.782 -2997.782 -2996.508 -2794.450 -2623.949 -2157.102 -1397.768 -836.715 -211.428 -208.231 -198.157 -182.628 -175.774 -174.114 -171.150 -167.814 -161.642 -154.446 -143.999 -131.416 -114.311 -92.312 -69.819 -56.441 -42.814 -37.721
-2993.363 -2993.363 -2966.050 -2777.033 -2434.449 -2266.747 -1374.256 -722.344 -307.926 -201.109 -183.776 -189.887 -178.972 -173.863 -170.268 -164.243 -157.267 -151.378 -144.214 -130.114 -114.840 -91.897 -69.005 -54.259 -39.102 -31.051
-2979.646 -2979.646 -2877.784 -2728.779 -2542.763 -1958.123 -1141.337 -618.187 -325.047 -245.485 -225.045 -188.334 -173.992 -166.307 -166.400 -163.329 -157.118 -149.570 -139.647 -129.164 -117.688 -86.377 -50.979 -34.290 -27.009 -27.009
-2915.756 -2880.780 -2729.984 -2503.289 -2094.293 -1592.546 -1105.344 -637.540 -375.524 -254.266 -211.659 -191.368 -180.802 -172.222 -166.411 -159.530 -152.276 -144.852 -134.796 -112.087 -87.765 -60.479 -36.885 -20.814 -21.518 -21.518
-2849.295 -2708.916 -2563.053 -2323.005 -2043.774 -1605.812 -1023.371 -669.664 -403.198 -272.948 -225.983 -195.273 -176.958 -172.616 -168.393 -158.238 -145.448 -127.921 -109.117 -90.123 -70.911 -53.398 -31.214 -21.908 -16.991 -16.991
-2837.099 -2627.841 -2502.280 -2338.824 -2039.490 -1568.926 -1136.067 -754.423 -435.550 -319.316 -237.076 -194.576 -179.723 -172.098 -165.729 -156.098 -139.904 -120.630 -96.663 -72.548 -52.769 -37.525 -24.704 -18.908 -14.717 -14.717
-2892.465 -2507.552 -2418.029 -2268.479 -2001.247 -1559.976 -1116.042 -768.433 -490.851 -328.341 -243.471 -200.042 -181.416 -172.052 -163.299 -151.029 -134.258 -112.968 -89.481 -67.534 -49.856 -35.900 -25.932 -18.459 -15.508 -15.508
-2920.989 -2348.096 -2218.991 -2130.150 -1938.634 -1573.718 -1138.960 -774.319 -521.247 -355.292 -255.363 -204.110 -182.338 -171.662 -162.054 -149.576 -133.000 -112.564 -90.888 -70.969 -54.848 -42.083 -31.600 -23.879 -19.366 -19.366
-2902.085 -2203.407 -2043.534 -2020.336 -1912.224 -1615.972 -1197.937 -824.885 -557.670 -378.610 -267.511 -208.368 -182.615 -170.872 -161.434 -149.965 -134.812 -116.938 -98.837 -82.360 -67.195 -52.953 -40.144 -30.135 -24.364 -24.364
-2898.542 -2174.242 -2013.968 -2014.969 -1938.488 -1662.524 -1249.604 -864.654 -583.430 -395.463 -276.165 -211.087 -182.165 -169.714 -160.596 -150.184 -137.378 -122.851 -108.332 -93.703 -77.596 -60.592 -45.130 -33.256 -26.831 -26.831
-2912.241 -2287.168 -2138.597 -2114.409 -1996.862 -1686.654 -1258.353 -869.309 -586.738 -397.468 -277.430 -210.928 -181.049 -168.069 -158.670 -148.396 -136.640 -124.115 -111.236 -96.448 -78.479 -59.497 -43.050 -31.192 -24.835 -24.835
-2933.502 -2459.865 -2326.829 -2251.478 -2054.330 -1678.023 -1226.922 -843.873 -571.361 -388.333 -272.374 -208.460 -179.595 -166.289 -155.501 -143.214 -130.359 -118.125 -105.032 -88.806 -69.816 -51.305 -36.355 -25.942 -20.395 -20.395
-2953.207 -2619.922 -2498.175 -2372.344 -2100.513 -1664.957 -1195.259 -819.678 -557.415 -380.693 -268.479 -206.601 -178.289 -164.140 -150.876 -134.938 -119.480 -106.371 -92.234 -74.998 -57.020 -41.237 -29.049 -20.630 -16.136 -16.136
-2967.531 -2735.334 -2619.571 -2457.721 -2141.743 -1677.276 -1199.197 -824.420 -563.471 -386.529 -272.637 -208.265 -177.519 -160.782 -144.184 -125.097 -107.652 -92.923 -77.226 -60.048 -44.484 -32.074 -22.711 -16.183 -12.678 -12.678
-2975.255 -2799.004 -2680.376 -2498.154 -2170.625 -1709.306 -1234.365 -855.286 -588.339 -406.118 -285.829 -214.108 -176.782 -154.481 -133.697 -113.555 -96.859 -81.484 -64.620 -48.164 -34.929 -25.113 -17.880 -12.803 -10.046 -10.046
-2976.161 -2801.186 -2678.701 -2484.740 -2159.498 -1713.943 -1250.728 -873.890 -607.737 -426.319 -302.072 -221.294 -173.685 -142.974 -118.148 -99.742 -87.486 -74.764 -58.630 -42.908 -30.729 -21.958 -15.631 -11.206 -8.784 -8.784
-2925.785 -2746.871 -2623.323 -2419.331 -2090.805 -1652.975 -1204.877 -845.242 -596.764 -429.864 -310.007 -223.031 -165.080 -126.316 -99.534 -85.239 -79.776 -72.737 -59.612 -44.830 -32.558 -23.351 -16.604 -11.903 -9.357 -9.357
-2790.683 -2659.328 -2534.532 -2321.111 -1984.857 -1548.896 -1117.434 -782.811 -558.589 -410.482 -300.046 -212.912 -150.228 -107.944 -81.660 -71.079 -70.939 -69.615 -61.095 -48.810 -37.087 -27.271 -19.594 -14.160 -11.244 -11.244
-2692.429 -2570.582 -2445.516 -2223.663 -1882.333 -1451.790 -1037.541 -723.697 -515.192 -377.399 -274.741 -192.769 -132.382 -91.529 -66.863 -57.426 -58.512 -60.054 -55.830 -47.498 -38.200 -29.288 -21.630 -15.946 -12.844 -12.844
-2648.344 -2526.537 -2391.689 -2157.812 -1806.793 -1379.658 -979.904 -680.450 -479.460 -344.993 -247.344 -171.928 -116.505 -78.748 -55.509 -45.317 -44.667 -46.044 -44.048 -39.060 -32.937 -26.457 -20.336 -15.436 -12.634 -12.634
-2694.907 -2540.122 -2381.327 -2124.685 -1747.732 -1314.438 -927.268 -642.059 -449.754 -320.685 -228.325 -157.981 -106.039 -70.347 -47.760 -36.217 -33.043 -32.914 -31.424 -28.230 -24.430 -20.370 -16.291 -12.757 -10.614 -10.614
-2903.059 -2571.362 -2385.350 -2090.966 -1674.635 -1232.363 -862.655 -597.676 -420.893 -304.018 -219.760 -153.170 -102.423 -67.134 -44.326 -31.255 -25.543 -23.531 -21.788 -19.431 -16.924 -14.393 -11.842 -9.548 -8.106 -8.106
-2950.892 -2577.561 -2358.275 -2015.956 -1566.292 -1129.228 -787.577 -549.253 -393.387 -293.515 -219.970 -156.946 -105.844 -69.457 -45.487 -30.630 -22.406 -18.230 -15.653 -13.538 -11.708 -10.036 -8.453 -7.091 -6.257 -6.257
-2904.007 -2537.568 -2283.505 -1894.999 -1435.634 -1027.554 -722.486 -510.478 -373.572 -289.298 -226.500 -167.501 -115.583 -76.945 -50.821 -33.823 -23.217 -16.838 -12.949 -10.459 -8.771 -7.500 -6.487 -5.748 -5.352 -5.352
-2888.732 -2488.829 -2205.211 -1784.834 -1334.575 -963.824 -689.647 -492.945 -365.177 -289.778 -235.501 -181.855 -130.424 -89.179 -59.979 -40.359 -27.458 -19.098 -13.765 -10.438 -8.371 -7.020 -6.087 -5.470 -5.160 -5.160
-2866.816 -2475.804 -2181.652 -1749.339 -1305.758 -950.701 -685.657 -490.340 -362.842 -290.223 -242.105 -195.723 -147.988 -105.545 -73.039 -50.327 -34.990 -24.694 -17.836 -13.385 -10.541 -8.634 -7.196 -6.081 -5.431 -5.431
-2774.715 -2499.571 -2214.820 -1788.169 -1339.069 -967.682 -689.556 -488.904 -359.816 -287.746 -243.768 -205.040 -164.267 -124.146 -90.030 -64.527 -46.528 -33.842 -24.960 -18.942 -14.889 -11.924 -9.448 -7.388 -6.141 -6.141
-2947.963 -2544.367 -2261.965 -1858.708 -1403.265 -1000.901 -699.152 -489.988 -357.783 -284.155 -241.668 -208.653 -175.815 -141.694 -109.632 -83.265 -62.834 -47.084 -35.384 -27.119 -21.195 -16.527 -12.539 -9.326 -7.450 -7.450
-2948.127 -2578.656 -2297.164 -1928.125 -1474.121 -1045.286 -720.393 -499.580 -360.317 -282.103 -238.746 -208.823 -181.955 -154.399 -127.127 -102.909 -82.010 -63.861 -49.215 -38.185 -29.607 -22.476 -16.519 -12.013 -9.515 -9.515
-2948.503 -2581.710 -2330.409 -1989.532 -1537.302 -1090.591 -748.144 -515.620 -367.724 -283.806 -238.517 -209.205 -184.493 -160.393 -137.075 -116.816 -98.750 -80.881 -64.544 -51.092 -39.682 -29.663 -21.389 -15.402 -12.190 -12.190
-2952.791 -2608.336 -2385.407 -2057.114 -1603.345 -1144.469 -786.943 -541.460 -383.031 -291.636 -242.726 -211.705 -186.090 -162.454 -140.932 -123.844 -109.319 -93.259 -76.782 -62.261 -49.007 -36.561 -26.097 -18.619 -14.636 -14.636
-2960.762 -2658.451 -2458.339 -2128.533 -1677.820 -1215.627 -843.369 -580.653 -407.208 -304.124 -248.612 -214.748 -188.038 -164.749 -144.379 -128.215 -114.270 -98.794 -82.876 -68.417 -54.307 -40.387 -28.572 -20.166 -15.675 -15.675
-2968.421 -2743.498 -2509.001 -2159.245 -1715.491 -1268.358 -895.025 -619.486 -431.465 -315.538 -252.037 -215.767 -189.596 -167.672 -148.076 -130.534 -114.222 -98.199 -83.336 -69.351 -54.632 -40.025 -27.978 -19.558 -15.066 -15.066
-2972.090 -2773.294 -2504.419 -2110.500 -1665.200 -1254.947 -912.701 -644.207 -449.838 -324.172 -253.138 -214.820 -190.161 -169.760 -149.592 -128.468 -108.133 -91.270 -78.124 -65.569 -51.275 -37.026 -25.637 -17.840 -13.693 -13.693
-2971.294 -2766.835 -2457.154 -2011.392 -1554.904 -1189.631 -903.780 -662.991 -470.060 -335.843 -256.176 -214.308 -190.276 -170.383 -147.901 -121.685 -96.664 -78.582 -67.281 -57.427 -45.372 -32.825 -22.764 -15.892 -12.227 -12.227
-2967.879 -2739.092 -2408.987 -1943.025 -1485.482 -1151.537 -908.054 -690.565 -497.865 -353.581 -263.473 -215.897 -190.555 -169.480 -143.482 -112.607 -84.159 -64.872 -54.443 -46.969 -37.781 -27.713 -19.444 -13.744 -10.685 -10.685
-2962.967 -2699.193 -2379.491 -1945.391 -1518.176 -1198.437 -952.814 -726.327 -524.269 -371.072 -272.857 -219.698 -191.727 -168.755 -139.965 -106.474 -76.447 -55.898 -44.468 -37.323 -29.992 -22.230 -15.831 -11.442 -9.122 -9.122
-2956.061 -2635.008 -2343.594 -1965.614 -1589.418 -1279.815 -1007.073 -751.969 -539.100 -385.070 -285.213 -227.287 -194.948 -170.326 -141.224 -107.339 -76.400 -53.991 -39.987 -31.070 -23.891 -17.505 -12.563 -9.360 -7.799 -7.799
-2947.335 -2548.737 -2279.880 -1939.676 -1595.249 -1290.713 -1006.013 -746.330 -544.256 -404.548 -308.348 -242.425 -200.946 -173.344 -145.561 -112.880 -81.280 -56.730 -39.865 -28.483 -20.352 -14.349 -10.224 -7.854 -6.891 -6.891
-2864.788 -2463.686 -2208.799 -1879.759 -1530.882 -1215.334 -939.381 -711.244 -546.892 -434.717 -344.396 -266.382 -210.674 -176.620 -148.653 -116.868 -84.778 -58.677 -40.012 -27.167 -18.392 -12.503 -8.818 -6.951 -6.349 -6.349
-2773.367 -2397.512 -2160.317 -1832.874 -1464.937 -1128.209 -861.574 -671.274 -547.899 -463.917 -382.490 -296.072 -225.908 -181.385 -148.732 -115.261 -82.511 -56.205 -37.574 -24.940 -16.538 -11.096 -7.857 -6.374 -5.998 -5.998
-2758.937 -2365.501 -2141.352 -1812.513 -1431.028 -1079.276 -815.193 -645.073 -543.967 -478.131 -409.795 -325.219 -245.040 -187.292 -145.435 -108.119 -75.189 -50.220 -33.097 -21.746 -14.354 -9.662 -6.985 -5.892 -5.707 -5.707
-2763.324 -2373.944 -2142.071 -1804.471 -1414.760 -1059.434 -797.365 -631.981 -534.420 -475.041 -419.738 -344.632 -260.783 -191.101 -139.231 -98.304 -66.304 -43.536 -28.369 -18.507 -12.200 -8.307 -6.223 -5.500 -5.462 -5.462
-2797.739 -2389.593 -2147.020 -1792.574 -1392.869 -1038.996 -782.487 -619.476 -520.282 -460.925 -413.076 -347.896 -266.322 -190.529 -131.984 -89.016 -58.437 -37.785 -24.358 -15.787 -10.414 -7.236 -5.688 -5.250 -5.281 -5.281
-2807.450 -2396.391 -2138.574 -1762.433 -1349.010 -996.586 -750.030 -596.635 -502.387 -443.676 -397.813 -338.939 -262.545 -186.430 -125.379 -81.774 -52.365 -33.269 -21.186 -13.651 -9.049 -6.479 -5.368 -5.117 -5.155 -5.155
-2815.050 -2381.385 -2101.890 -1702.770 -1277.488 -930.139 -699.016 -563.154 -481.590 -427.347 -383.085 -328.908 -257.444 -182.527 -120.739 -76.982 -48.201 -30.014 -18.813 -12.023 -8.037 -5.970 -5.188 -5.046 -5.068 -5.068
-2791.411 -2346.024 -2036.674 -1617.212 -1188.225 -854.346 -643.072 -526.500 -459.089 -411.428 -370.806 -322.042 -255.155 -181.268 -118.878 -74.773 -46.081 -28.224 -17.426 -11.036 -7.440 -5.711 -5.121 -5.018 -5.020 -5.020
-2750.575 -2294.660 -1965.670 -1533.900 -1108.959 -792.259 -599.043 -496.408 -438.505 -395.520 -357.105 -312.636 -251.692 -181.219 -119.306 -74.937 -46.104 -28.194 -17.402 -11.067 -7.572 -5.920 -5.308 -5.117 -5.055 -5.055
-2709.898 -2247.320 -1920.728 -1488.640 -1069.728 -762.663 -577.084 -478.831 -423.604 -381.252 -341.789 -299.788 -246.415 -182.336 -122.382 -77.954 -48.751 -30.382 -19.174 -12.549 -8.882 -7.055 -6.173 -5.677 -5.414 -5.414
-2672.077 -2231.268 -1915.661 -1493.121 -1077.098 -766.010 -573.518 -469.491 -411.387 -367.736 -327.839 -289.524 -244.803 -188.335 -130.820 -85.708 -55.180 -35.515 -23.231 -15.875 -11.780 -9.591 -8.238 -7.224 -6.608 -6.608
-2634.059 -2235.200 -1937.445 -1527.660 -1110.954 -786.853 -577.787 -460.917 -396.789 -352.726 -315.934 -284.015 -248.871 -201.144 -146.770 -99.987 -66.541 -44.315 -30.080 -21.474 -16.654 -13.884 -11.869 -10.185 -9.130 -9.130
-2605.054 -2242.345 -1958.584 -1561.461 -1144.098 -807.719 -582.300 -452.090 -382.462 -339.658 -307.134 -281.086 -254.625 -217.086 -168.541 -120.843 -83.365 -57.287 -40.271 -29.961 -24.101 -20.430 -17.450 -14.882 -13.285 -13.285
-2563.876 -2221.158 -1961.391 -1575.769 -1161.173 -818.708 -582.955 -444.250 -373.199 -333.501 -303.413 -279.112 -257.496 -229.735 -190.769 -146.034 -105.530 -74.988 -54.630 -42.298 -35.080 -30.083 -25.666 -21.823 -19.465 -19.465
-2548.913 -2203.481 -1951.959 -1576.830 -1167.749 -823.433 -581.679 -438.102 -368.021 -332.275 -303.418 -277.881 -256.807 -235.099 -206.470 -169.742 -130.764 -97.534 -73.905 -59.163 -50.311 -43.737 -37.435 -31.791 -28.325 -28.325
-2562.552 -2206.988 -1951.404 -1583.967 -1178.632 -831.984 -584.741 -435.663 -363.723 -329.921 -302.871 -276.913 -254.444 -233.517 -210.977 -184.105 -152.936 -122.184 -96.998 -79.596 -68.899 -60.975 -52.806 -44.904 -39.819 -39.819
-2607.389 -2230.595 -1964.114 -1596.717 -1190.092 -840.718 -589.861 -435.732 -358.918 -324.002 -299.346 -275.227 -251.712 -228.490 -206.875 -187.094 -166.179 -142.856 -119.643 -100.725 -88.108 -78.908 -69.170 -58.746 -51.424 -51.424
-2623.284 -2239.178 -1963.811 -1587.605 -1177.856 -831.524 -585.232 -432.998 -353.996 -317.038 -294.147 -272.615 -248.916 -223.541 -200.997 -184.347 -170.613 -155.028 -136.554 -118.631 -104.799 -94.121 -82.857 -69.962 -60.257 -60.257
-2638.177 -2212.779 -1922.490 -1536.439 -1129.620 -796.353 -565.194 -424.664 -349.806 -311.974 -289.137 -268.791 -245.116 -218.995 -196.204 -180.662 -170.208 -159.510 -145.560 -130.209 -116.788 -105.438 -93.218 -78.945 -67.959 -67.959
-2617.668 -2138.158 -1839.722 -1456.827 -1064.179 -750.085 -537.863 -413.034 -346.146 -308.819 -284.156 -262.487 -238.429 -213.021 -191.326 -176.777 -167.895 -159.612 -148.315 -135.300 -123.513 -113.057 -101.513 -88.032 -77.643 -77.643
-2535.381 -2034.670 -1739.743 -1380.364 -1012.545 -716.291 -517.096 -402.963 -342.507 -306.103 -278.743 -253.923 -228.934 -205.208 -185.775 -172.651 -164.686 -157.344 -147.307 -135.959 -125.903 -117.043 -107.390 -96.283 -87.723 -87.723
-2399.136 -1919.867 -1644.091 -1322.696 -985.967 -703.978 -509.249 -397.313 -338.950 -303.346 -274.213 -246.472 -220.191 -197.683 -180.302 -168.406 -160.774 -153.655 -144.421 -134.388 -125.677 -118.162 -110.297 -101.506 -94.782 -94.782
-2300.180 -1812.666 -1558.335 -1272.585 -965.124 -697.614 -506.563 -393.916 -335.381 -300.953 -272.178 -243.388 -215.872 -192.929 -175.855 -164.300 -156.697 -149.779 -141.348 -132.404 -124.666 -118.054 -111.231 -103.729 -98.074 -98.074
-2219.535 -1713.118 -1478.316 -1210.714 -922.706 -673.971 -496.421 -389.293 -332.262 -299.580 -272.638 -244.404 -215.923 -191.252 -172.866 -160.804 -153.140 -146.578 -139.031 -131.129 -124.180 -118.011 -111.407 -104.137 -98.732 -98.732
-2137.481 -1628.492 -1401.343 -1133.929 -855.683 -629.576 -476.335 -383.540 -331.159 -300.095 -274.650 -246.940 -217.416 -190.872 -170.898 -157.969 -150.085 -143.973 -137.479 -130.760 -124.548 -118.476 -111.613 -104.067 -98.486 -98.486
-2018.127 -1560.109 -1332.357 -1060.519 -788.737 -582.973 -454.423 -378.755 -332.803 -302.938 -277.663 -249.194 -218.097 -190.143 -169.195 -155.507 -147.313 -141.698 -136.369 -130.872 -125.359 -119.402 -112.320 -104.304 -98.231 -98.231
-1911.540 -1496.347 -1276.468 -1008.269 -744.561 -551.457 -438.359 -375.708 -336.160 -307.808 -282.047 -251.894 -218.890 -189.700 -167.873 -153.423 -144.953 -139.780 -135.476 -131.094 -126.242 -120.287 -112.373 -102.760 -95.309 -95.309
-1863.238 -1426.068 -1228.637 -974.710 -723.207 -537.477 -430.292 -374.202 -339.811 -313.785 -288.299 -257.468 -223.568 -193.089 -169.323 -153.116 -143.837 -138.758 -135.154 -131.603 -127.020 -119.909 -108.939 -95.504 -85.578 -85.578
-1817.239 -1369.268 -1182.233 -948.107 -713.732 -535.673 -429.364 -374.202 -342.599 -319.008 -295.292 -266.699 -234.962 -204.719 -178.884 -159.719 -147.909 -141.269 -136.941 -132.970 -127.314 -117.042 -100.822 -82.563 -70.273 -70.273
-1844.598 -1317.169 -1136.738 -922.505 -707.857 -539.886 -433.590 -375.874 -343.757 -321.080 -299.822 -276.298 -250.629 -224.498 -199.634 -178.466 -162.638 -151.580 -143.467 -136.335 -127.074 -111.691 -90.142 -68.733 -55.574 -55.574
-1852.934 -1267.843 -1092.657 -894.231 -698.428 -543.420 -440.476 -380.201 -344.533 -319.684 -299.555 -281.598 -263.694 -244.426 -223.923 -203.391 -184.453 -168.334 -154.885 -142.368 -126.918 -105.231 -79.864 -57.849 -45.241 -45.241
-1826.115 -1228.983 -1050.223 -860.726 -680.814 -542.108 -448.688 -389.400 -349.581 -319.928 -297.973 -282.388 -268.975 -254.360 -237.932 -219.659 -200.625 -182.833 -166.466 -148.969 -126.588 -98.970 -71.507 -50.287 -38.706 -38.706
-1709.974 -1180.449 -1016.049 -827.278 -658.992 -537.978 -458.733 -405.039 -363.248 -328.105 -300.980 -281.893 -266.451 -251.723 -237.112 -221.483 -205.118 -189.515 -173.471 -152.701 -124.608 -92.949 -64.963 -44.930 -34.287 -34.287
-1634.874 -1157.431 -990.678 -800.320 -640.593 -535.066 -469.636 -423.147 -381.204 -340.987 -307.110 -281.058 -260.086 -243.136 -229.163 -215.783 -202.630 -190.035 -175.088 -152.303 -120.600 -87.087 -59.674 -40.868 -30.987 -30.987
-1516.039 -1122.735 -957.590 -775.681 -627.166 -533.357 -476.624 -434.055 -391.331 -347.656 -309.731 -279.391 -254.966 -236.619 -222.573 -210.061 -198.787 -187.765 -172.951 -149.022 -115.970 -82.232 -55.707 -37.896 -28.586 -28.586
-1415.628 -1054.617 -910.901 -749.511 -615.812 -529.039 -473.965 -430.307 -386.026 -342.195 -305.533 -276.536 -252.940 -234.672 -219.832 -206.706 -195.699 -184.807 -169.419 -145.058 -112.188 -79.029 -53.231 -36.046 -27.094 -27.094
-1329.070 -1015.730 -882.899 -734.560 -607.156 -518.343 -458.020 -410.654 -366.655 -326.767 -295.418 -271.543 -251.884 -235.178 -219.766 -205.376 -193.270 -181.657 -166.050 -142.028 -109.782 -77.193 -51.853 -35.024 -26.277 -26.277
-1429.349 -1036.334 -898.557 -741.649 -602.041 -498.922 -427.786 -377.351 -338.063 -306.543 -282.854 -264.945 -249.671 -235.218 -220.236 -205.044 -191.306 -178.578 -163.333 -140.293 -108.623 -76.259 -51.110 -34.465 -25.830 -25.830
-1522.416 -1099.033 -933.870 -753.086 -589.776 -466.495 -383.720 -333.631 -304.403 -285.498 -271.154 -258.468 -245.973 -233.217 -219.494 -204.754 -190.314 -176.855 -161.969 -139.768 -108.473 -76.099 -50.930 -34.290 -25.678 -25.678
-1628.769 -1163.207 -960.544 -748.167 -560.676 -421.537 -331.752 -286.063 -270.133 -265.633 -261.081 -252.620 -241.412 -229.568 -217.312 -204.008 -190.166 -176.756 -162.049 -140.243 -109.234 -76.879 -51.446 -34.669 -25.969 -25.969
-1667.159 -1203.784 -980.090 -734.774 -527.231 -379.825 -289.201 -249.799 -244.663 -250.526 -252.762 -246.786 -236.258 -225.148 -214.251 -202.617 -189.965 -176.895 -162.229 -140.985 -110.943 -79.036 -53.297 -35.903 -26.956 -26.956
-1810.359 -1240.407 -987.737 -720.884 -504.750 -357.786 -272.422 -238.946 -237.186 -244.984 -246.502 -239.881 -229.596 -219.369 -209.835 -200.094 -189.167 -176.416 -161.580 -141.580 -113.874 -83.249 -57.077 -38.426 -28.869 -28.869
-1885.698 -1232.734 -971.905 -698.747 -484.020 -351.842 -278.366 -249.760 -246.224 -245.080 -239.975 -230.624 -219.955 -210.832 -203.120 -195.672 -186.865 -175.030 -160.492 -142.371 -118.236 -89.874 -63.880 -42.311 -31.849 -31.849
-1855.621 -1148.836 -919.856 -659.909 -458.880 -341.762 -289.438 -269.092 -252.187 -241.034 -229.527 -218.819 -208.483 -199.611 -193.551 -189.190 -182.670 -172.044 -158.958 -143.963 -124.364 -99.433 -73.961 -51.858 -32.657 -36.113
-1684.982 -1113.770 -852.516 -591.588 -404.426 -323.266 -287.263 -261.268 -241.662 -225.932 -215.851 -205.933 -196.489 -190.659 -185.037 -181.231 -177.608 -167.943 -156.290 -144.790 -130.892 -111.275 -88.683 -59.177 -42.323 -42.323
-1296.081 -981.460 -716.955 -490.394 -347.057 -297.049 -267.705 -245.229 -224.602 -212.871 -203.000 -194.238 -187.611 -185.806 -183.429 -177.663 -171.773 -165.571 -155.258 -142.303 -131.067 -120.284 -108.229 -80.914 -51.813 -51.813
-1019.932 -770.709 -578.423 -413.713 -315.712 -267.976 -250.704 -227.130 -214.870 -195.469 -197.265 -187.804 -182.236 -177.767 -173.828 -169.243 -165.577 -160.788 -153.187 -144.392 -134.198 -125.024 -113.751 -94.831 -55.472 -65.144
-872.343 -623.916 -496.783 -405.106 -307.294 -282.188 -242.384 -226.592 -197.946 -186.045 -188.921 -187.364 -166.100 -179.146 -173.742 -171.285 -159.904 -156.340 -152.554 -145.782 -136.385 -127.058 -116.515 -97.146 -69.115 -26.860
-782.271 -598.224 -502.881 -470.361 -371.068 -284.757 -236.766 -206.386 -180.293 -163.422 -185.629 -185.879 -183.103 -174.376 -168.306 -163.916 -160.023 -153.426 -148.937 -144.609 -138.271 -129.817 -119.673 -103.507 -80.620 -88.952
-758.057 -566.956 -483.640 -480.590 -403.852 -278.143 -214.890 -204.811 -192.575 -186.193 -185.684 -186.584 -182.234 -173.073 -167.647 -163.572 -159.314 -153.314 -147.571 -142.554 -135.578 -128.173 -117.664 -103.319 -75.435 -92.718
-753.604 -532.534 -475.098 -443.199 -398.875 -312.495 -220.092 -187.984 -169.124 -173.467 -170.365 -183.752 -179.895 -178.462 -169.786 -163.106 -156.220 -150.710 -143.555 -138.376 -134.258 -126.946 -116.744 -100.706 -70.242 -21.523
