-36.092937 -36.029943 -35.964951 -35.899932 -35.835249 -35.770940 -35.707027 -35.643579 -35.580834 -35.519454 -35.460697 -35.406025 -35.356274 -35.311281 -35.270233 -35.232221 -35.196582 -35.162804 -35.130231 -35.098121 -35.065945 -35.033449 -35.000517 -34.966987 -34.932400 -34.895444
-36.005685 -35.942013 -35.879213 -35.816311 -35.753434 -35.690676 -35.628101 -35.565798 -35.504011 -35.443403 -35.385244 -35.331033 -35.281648 -35.236966 -35.196203 -35.158460 -35.123083 -35.089580 -35.057302 -35.025503 -34.993640 -34.961454 -34.928839 -34.895667 -34.861550 -34.825403
-35.927635 -35.862093 -35.798842 -35.736518 -35.674650 -35.613049 -35.551652 -35.490483 -35.429743 -35.370053 -35.312645 -35.259012 -35.210064 -35.165716 -35.125219 -35.087688 -35.052481 -35.019120 -34.986967 -34.955265 -34.923450 -34.891232 -34.858475 -34.825045 -34.790662 -34.754745
-35.856291 -35.789644 -35.725695 -35.663291 -35.601796 -35.540857 -35.480293 -35.420045 -35.360248 -35.301450 -35.244813 -35.191787 -35.143291 -35.099283 -35.059048 -35.021723 -34.986672 -34.953424 -34.921355 -34.889707 -34.857906 -34.825647 -34.792780 -34.759192 -34.724720 -34.689091
-35.791761 -35.724371 -35.659876 -35.597250 -35.535830 -35.475224 -35.415197 -35.355635 -35.296618 -35.238623 -35.182722 -35.130287 -35.082234 -35.038562 -34.998602 -34.961513 -34.926657 -34.893563 -34.861617 -34.830081 -34.798374 -34.766180 -34.733342 -34.699757 -34.665326 -34.629909
-35.733437 -35.665489 -35.600517 -35.537623 -35.476146 -35.415691 -35.356004 -35.296944 -35.238556 -35.181271 -35.126066 -35.074217 -35.026609 -34.983283 -34.943622 -34.906815 -34.872218 -34.839341 -34.807583 -34.776234 -34.744716 -34.712693 -34.679994 -34.646512 -34.612164 -34.576872
-35.679949 -35.611619 -35.546182 -35.482968 -35.421361 -35.360960 -35.301498 -35.242815 -35.184944 -35.128287 -35.073748 -35.022497 -34.975365 -34.932420 -34.893097 -34.856626 -34.822356 -34.789767 -34.758268 -34.727182 -34.695939 -34.664182 -34.631715 -34.598411 -34.564186 -34.528962
-35.629838 -35.561412 -35.495560 -35.431978 -35.370193 -35.309801 -35.250502 -35.192120 -35.134680 -35.078580 -35.024675 -34.974044 -34.927443 -34.884940 -34.846015 -34.809935 -34.776054 -34.743827 -34.712663 -34.681915 -34.651026 -34.619625 -34.587490 -34.554467 -34.520437 -34.485286
-35.581364 -35.513067 -35.447110 -35.383341 -35.321454 -35.261094 -35.201956 -35.143851 -35.086804 -35.031214 -34.977910 -34.927899 -34.881872 -34.839874 -34.801408 -34.765774 -34.732337 -34.700540 -34.669793 -34.639465 -34.609014 -34.578066 -34.546381 -34.513783 -34.480111 -34.445162
-35.534119 -35.466013 -35.400148 -35.336382 -35.274507 -35.214235 -35.155284 -35.097466 -35.040810 -34.985711 -34.932976 -34.883562 -34.838112 -34.796653 -34.758696 -34.723558 -34.690615 -34.659310 -34.629058 -34.599237 -34.569316 -34.538919 -34.507799 -34.475762 -34.442610 -34.408062
-35.487855 -35.419918 -35.354187 -35.290510 -35.228725 -35.168592 -35.109857 -35.052348 -34.996094 -34.941484 -34.889301 -34.840468 -34.795595 -34.754695 -34.717283 -34.682685 -34.650283 -34.619527 -34.589836 -34.560602 -34.531299 -34.501555 -34.471119 -34.439786 -34.407332 -34.373432
-35.441913 -35.374112 -35.308532 -35.244994 -35.183353 -35.123403 -35.064919 -35.007741 -34.951907 -34.897794 -34.846166 -34.797915 -34.753627 -34.713306 -34.676470 -34.642451 -34.610635 -34.580479 -34.551413 -34.522837 -34.494237 -34.465249 -34.435624 -34.405156 -34.373619 -34.340673
-35.395776 -35.328081 -35.262655 -35.199291 -35.137835 -35.078104 -35.019899 -34.963079 -34.907685 -34.854090 -34.803030 -34.755372 -34.711682 -34.671961 -34.635729 -34.602324 -34.571136 -34.541629 -34.513240 -34.485389 -34.457572 -34.429438 -34.400750 -34.371315 -34.340925 -34.309264
-35.349231 -35.281612 -35.216324 -35.153136 -35.091885 -35.032397 -34.974494 -34.918053 -34.863124 -34.810067 -34.759597 -34.712551 -34.669478 -34.630376 -34.594773 -34.562013 -34.531490 -34.502671 -34.475008 -34.447936 -34.420973 -34.393781 -34.366141 -34.337886 -34.308848 -34.278775
-35.302244 -35.234689 -35.169494 -35.106455 -35.045402 -34.986166 -34.928580 -34.872535 -34.818086 -34.765590 -34.715736 -34.669327 -34.626893 -34.588432 -34.553481 -34.521393 -34.491565 -34.463467 -34.436565 -34.410317 -34.384261 -34.358079 -34.331574 -34.304611 -34.277076 -34.248807
-35.254736 -35.187269 -35.122144 -35.059222 -34.998354 -34.939373 -34.882114 -34.826475 -34.772519 -34.720600 -34.671386 -34.625646 -34.583883 -34.546090 -34.511814 -34.480421 -34.451312 -34.423960 -34.397845 -34.372449 -34.347335 -34.322208 -34.296895 -34.271295 -34.245348 -34.218980
-35.206522 -35.139200 -35.074182 -35.011389 -34.950714 -34.892000 -34.835082 -34.779860 -34.726407 -34.675078 -34.626525 -34.581483 -34.540423 -34.503327 -34.469750 -34.439072 -34.410699 -34.384110 -34.358799 -34.334273 -34.310121 -34.286071 -34.261976 -34.237768 -34.213430 -34.188955
-35.157473 -35.090350 -35.025510 -34.962902 -34.902456 -34.844033 -34.787475 -34.732688 -34.679751 -34.629024 -34.581144 -34.536818 -34.496484 -34.460110 -34.427253 -34.397305 -34.369682 -34.343869 -34.319373 -34.295724 -34.272538 -34.249568 -34.226689 -34.203862 -34.181101 -34.158439
-35.107614 -35.040714 -34.976107 -34.913740 -34.853563 -34.795462 -34.739289 -34.684957 -34.632553 -34.582438 -34.535239 -34.491635 -34.452039 -34.416400 -34.384279 -34.355072 -34.328206 -34.303174 -34.279498 -34.256726 -34.234500 -34.212592 -34.190902 -34.169411 -34.148155 -34.127188
-35.057027 -34.990357 -34.926005 -34.863911 -34.804037 -34.746285 -34.690520 -34.636664 -34.584809 -34.535317 -34.488803 -34.445924 -34.407069 -34.372173 -34.340793 -34.312333 -34.286227 -34.261975 -34.239113 -34.217210 -34.195923 -34.175048 -34.154499 -34.134275 -34.114424 -34.095013
-35.005753 -34.939319 -34.875234 -34.813433 -34.753886 -34.696507 -34.641171 -34.587809 -34.536518 -34.487657 -34.441832 -34.399679 -34.361565 -34.327413 -34.296777 -34.269064 -34.243712 -34.220233 -34.198173 -34.177118 -34.156742 -34.136857 -34.117390 -34.098351 -34.079794 -34.061791
-34.953801 -34.887618 -34.823812 -34.762321 -34.703121 -34.646136 -34.591248 -34.538395 -34.487680 -34.439459 -34.394326 -34.352899 -34.315526 -34.282116 -34.252220 -34.225246 -34.200640 -34.177920 -34.156643 -34.136409 -34.116908 -34.097962 -34.079511 -34.061569 -34.044193 -34.027453
-34.901169 -34.835259 -34.771750 -34.710588 -34.651756 -34.595183 -34.540760 -34.488431 -34.438301 -34.390726 -34.346287 -34.305586 -34.268950 -34.236278 -34.207115 -34.180872 -34.156997 -34.135017 -34.114499 -34.095054 -34.076385 -34.058326 -34.040822 -34.023889 -34.007585 -33.991973
-34.847851 -34.782245 -34.719060 -34.658250 -34.599807 -34.543664 -34.489721 -34.437928 -34.388392 -34.341468 -34.297724 -34.257746 -34.221843 -34.189901 -34.161461 -34.135934 -34.112774 -34.091512 -34.071725 -34.053034 -34.035154 -34.017926 -34.001300 -33.985293 -33.969958 -33.955351
-34.793842 -34.728581 -34.665751 -34.605322 -34.547290 -34.491597 -34.438150 -34.386903 -34.337968 -34.291697 -34.248648 -34.209389 -34.174212 -34.142990 -34.115259 -34.090433 -34.067968 -34.047400 -34.028314 -34.010341 -33.993206 -33.976755 -33.960941 -33.945780 -33.931320 -33.917609
-34.739139 -34.674272 -34.611838 -34.551819 -34.494225 -34.439003 -34.386066 -34.335375 -34.287047 -34.241430 -34.199074 -34.160528 -34.126068 -34.095554 -34.068518 -34.044375 -34.022582 -34.002683 -33.984268 -33.966977 -33.950542 -33.934816 -33.919753 -33.905366 -33.891696 -33.878786
-34.683739 -34.619324 -34.557332 -34.497762 -34.440633 -34.385904 -34.333492 -34.283368 -34.235652 -34.190689 -34.149020 -34.111180 -34.077426 -34.047607 -34.021250 -33.997769 -33.976627 -33.957370 -33.939595 -33.922950 -33.907175 -33.892126 -33.877755 -33.864076 -33.851123 -33.838930
-34.627637 -34.563743 -34.502247 -34.443168 -34.386539 -34.332326 -34.280457 -34.230909 -34.183807 -34.139496 -34.098510 -34.061365 -34.028306 -33.999166 -33.973470 -33.950632 -33.930117 -33.911476 -33.894312 -33.878280 -33.863125 -33.848706 -33.834978 -33.821947 -33.809645 -33.798098
-34.570823 -34.507533 -34.446597 -34.388061 -34.331968 -34.278298 -34.226988 -34.178025 -34.131540 -34.087880 -34.047568 -34.011109 -33.978729 -33.950254 -33.925200 -33.902984 -33.883075 -33.865025 -33.848443 -33.832991 -33.818419 -33.804590 -33.791456 -33.779022 -33.767312 -33.756349
-34.513293 -34.450699 -34.390400 -34.332462 -34.276949 -34.223851 -34.173119 -34.124750 -34.078885 -34.035870 -33.996224 -33.960438 -33.928724 -33.900895 -33.876465 -33.854851 -33.835524 -33.818041 -33.802015 -33.787114 -33.773093 -33.759816 -33.747234 -33.735349 -33.724180 -33.713744
-34.455035 -34.393248 -34.333670 -34.276397 -34.221510 -34.169017 -34.118883 -34.071118 -34.025873 -33.983498 -33.944508 -33.909382 -33.878317 -33.851117 -33.827293 -33.806262 -33.787496 -33.770557 -33.755063 -33.740686 -33.727185 -33.714428 -33.702362 -33.690986 -33.680312 -33.670353
-34.396036 -34.335184 -34.276426 -34.219892 -34.165685 -34.113832 -34.064317 -34.017166 -33.972542 -33.930801 -33.892455 -33.857973 -33.827541 -33.800953 -33.777715 -33.757247 -33.739023 -33.722608 -33.707624 -33.693748 -33.680743 -33.668476 -33.656896 -33.645994 -33.635778 -33.626253
-34.336285 -34.276517 -34.218692 -34.162980 -34.109511 -34.058336 -34.009461 -33.962933 -33.918929 -33.877814 -33.840099 -33.806246 -33.776428 -33.750434 -33.727765 -33.707841 -33.690141 -33.674232 -33.659739 -33.646345 -33.633815 -33.622018 -33.610898 -33.600444 -33.590658 -33.581533
-34.275782 -34.217264 -34.160495 -34.105695 -34.053027 -34.002570 -33.954358 -33.908462 -33.865076 -33.824577 -33.787478 -33.754235 -33.725014 -33.699594 -33.677475 -33.658079 -33.640887 -33.625468 -33.611451 -33.598522 -33.586452 -33.575108 -33.564433 -33.554411 -33.545035 -33.536296
-34.214551 -34.157456 -34.101875 -34.048082 -33.996278 -33.946580 -33.899052 -33.853794 -33.811023 -33.771129 -33.734629 -33.701978 -33.673332 -33.648467 -33.626881 -33.607996 -33.591297 -33.576354 -33.562801 -33.550327 -33.538706 -33.527805 -33.517566 -33.507967 -33.498997 -33.490637
-34.152648 -34.097150 -34.042885 -33.990192 -33.939316 -33.890414 -33.843591 -33.798977 -33.756814 -33.717511 -33.681591 -33.649508 -33.621417 -33.597086 -33.576014 -33.557625 -33.541405 -33.526927 -33.513829 -33.501803 -33.490625 -33.480163 -33.470356 -33.461180 -33.452619 -33.444653
-34.090186 -34.036429 -33.983597 -33.932088 -33.882197 -33.834126 -33.788023 -33.744055 -33.702493 -33.663763 -33.628402 -33.596864 -33.569301 -33.545483 -33.524906 -33.506998 -33.491244 -33.477223 -33.464572 -33.452989 -33.442253 -33.432231 -33.422860 -33.414111 -33.405964 -33.398392
-34.027318 -33.975408 -33.924099 -33.873845 -33.824986 -33.777773 -33.732401 -33.689077 -33.648104 -33.609929 -33.575099 -33.544077 -33.517017 -33.493686 -33.473584 -33.456140 -33.440842 -33.427269 -33.415063 -33.403922 -33.393629 -33.384052 -33.375125 -33.366816 -33.359103 -33.351949
-33.964245 -33.914231 -33.864502 -33.815549 -33.767754 -33.721415 -33.676777 -33.634092 -33.593692 -33.556048 -33.521722 -33.491183 -33.464592 -33.441720 -33.422071 -33.405074 -33.390220 -33.377089 -33.365325 -33.354631 -33.344787 -33.335664 -33.327191 -33.319330 -33.312057 -33.305366
-33.901202 -33.853070 -33.804931 -33.757296 -33.710576 -33.665115 -33.621206 -33.579146 -33.539300 -33.502162 -33.468307 -33.438215 -33.412056 -33.389609 -33.370385 -33.353816 -33.339395 -33.326700 -33.315379 -33.305136 -33.295754 -33.287101 -33.279103 -33.271715 -33.264893 -33.258571
-33.838453 -33.792125 -33.745533 -33.699194 -33.653535 -33.608939 -33.565744 -33.524290 -33.484975 -33.448314 -33.414894 -33.385208 -33.359438 -33.337379 -33.318549 -33.302386 -33.288381 -33.276116 -33.265238 -33.255454 -33.246550 -33.238389 -33.230894 -33.224015 -33.217703 -33.211893
-33.776263 -33.731606 -33.686464 -33.641353 -33.596713 -33.552951 -33.510445 -33.469570 -33.430757 -33.394540 -33.361519 -33.332197 -33.306773 -33.285060 -33.266589 -33.250804 -33.237197 -33.225351 -33.214915 -33.205599 -33.197190 -33.189549 -33.182592 -33.176256 -33.170489 -33.165273
-33.714830 -33.671678 -33.627852 -33.583869 -33.540179 -33.497205 -33.455349 -33.415018 -33.376670 -33.340860 -33.308200 -33.279203 -33.254085 -33.232677 -33.214528 -33.199089 -33.185857 -33.174414 -33.164413 -33.155571 -33.147677 -33.140594 -33.134229 -33.128506 -33.123330 -33.118556
-33.654232 -33.612409 -33.569761 -33.526801 -33.483982 -33.441737 -33.400483 -33.360649 -33.322721 -33.287273 -33.254932 -33.226223 -33.201372 -33.180231 -33.162365 -33.147238 -33.134351 -33.123290 -33.113713 -33.105344 -33.097981 -33.091492 -33.085791 -33.080800 -33.076406 -33.072348
-33.594488 -33.553815 -33.512217 -33.470182 -33.428156 -33.386574 -33.345863 -33.306473 -33.268912 -33.233776 -33.201707 -33.173241 -33.148616 -33.127700 -33.110075 -33.095219 -33.082642 -33.071935 -33.062761 -33.054856 -33.048030 -33.042162 -33.037179 -33.033031 -33.029669 -33.027051
-33.535652 -33.495946 -33.455266 -33.414054 -33.372737 -33.331746 -33.291516 -33.252513 -33.215264 -33.180385 -33.148535 -33.120259 -33.095807 -33.075063 -33.057628 -33.042995 -33.030685 -33.020293 -33.011492 -33.004031 -32.997731 -32.992489 -32.988247 -32.984979 -32.982693 -32.981500
-33.477809 -33.438886 -33.398973 -33.358463 -33.317760 -33.277282 -33.237469 -33.198793 -33.161800 -33.127123 -33.095434 -33.067288 -33.042949 -33.022316 -33.005011 -32.990543 -32.978442 -32.968313 -32.959840 -32.952783 -32.946981 -32.942344 -32.938830 -32.936418 -32.935096 -32.934857
-33.420973 -33.382668 -33.343370 -33.303435 -33.263243 -33.223198 -33.183731 -33.145322 -33.108525 -33.073991 -33.042403 -33.014326 -32.990037 -32.969452 -32.952210 -32.937837 -32.925876 -32.915942 -32.907732 -32.901019 -32.895662 -32.891587 -32.888769 -32.887191 -32.886817 -32.887537
-33.365078 -33.327244 -33.288430 -33.248958 -33.209181 -33.169487 -33.130298 -33.092089 -33.055425 -33.020969 -32.989418 -32.961349 -32.937046 -32.916439 -32.899187 -32.884831 -32.872929 -32.863107 -32.855074 -32.848622 -32.843631 -32.840052 -32.837887 -32.837146 -32.837818 -32.839841
-33.310034 -33.272543 -33.234107 -33.195003 -33.155558 -33.116140 -33.077157 -33.039082 -33.002486 -32.968043 -32.936462 -32.908331 -32.883943 -32.863240 -32.845895 -32.831468 -32.819530 -32.809719 -32.801759 -32.795460 -32.790724 -32.787538 -32.785942 -32.786002 -32.787788 -32.791362
-33.255778 -33.218519 -33.180364 -33.141546 -33.102356 -33.063144 -33.024303 -32.986300 -32.949708 -32.915212 -32.883531 -32.855262 -32.830709 -32.809825 -32.792297 -32.777699 -32.765616 -32.755699 -32.747683 -32.741396 -32.736766 -32.733812 -32.732626 -32.733342 -32.736144 -32.741299
-33.202274 -33.165143 -33.127178 -33.088564 -33.049558 -33.010486 -32.971727 -32.933739 -32.897094 -32.862481 -32.830630 -32.802146 -32.777342 -32.756184 -32.738372 -32.723493 -32.711143 -32.700984 -32.692761 -32.686314 -32.681592 -32.678645 -32.677606 -32.678679 -32.682149 -32.688468
-33.149474 -33.112380 -33.074518 -33.036029 -32.997139 -32.958146 -32.919414 -32.881389 -32.844637 -32.809849 -32.777759 -32.748983 -32.723842 -32.702315 -32.684114 -32.668837 -32.656090 -32.645540 -32.636937 -32.630130 -32.625078 -32.621849 -32.620602 -32.621576 -32.625102 -32.631648
-33.097301 -33.060174 -33.022338 -32.983903 -32.945065 -32.906096 -32.867340 -32.829229 -32.792321 -32.757303 -32.724912 -32.695770 -32.670210 -32.648222 -32.629528 -32.613736 -32.600456 -32.589359 -32.580195 -32.572812 -32.567167 -32.563330 -32.561463 -32.561807 -32.564675 -32.570461
-33.045673 -33.008451 -32.970576 -32.932134 -32.893292 -32.854297 -32.815472 -32.777232 -32.740122 -32.704823 -32.672074 -32.642501 -32.616446 -32.593910 -32.574625 -32.558205 -32.544263 -32.532468 -32.522564 -32.514388 -32.507887 -32.503115 -32.500217 -32.499407 -32.500954 -32.505163
-32.994480 -32.957118 -32.919154 -32.880654 -32.841760 -32.802697 -32.763763 -32.725354 -32.688001 -32.652378 -32.619220 -32.589157 -32.562540 -32.539379 -32.519416 -32.502267 -32.487546 -32.474914 -32.464106 -32.454941 -32.447344 -32.441340 -32.437042 -32.434624 -32.434296 -32.436287
-32.943582 -32.906047 -32.867953 -32.829356 -32.790373 -32.751205 -32.712126 -32.673515 -32.635885 -32.599899 -32.566288 -32.535685 -32.508449 -32.484599 -32.463883 -32.445920 -32.430320 -32.416737 -32.404888 -32.394571 -32.385677 -32.378199 -32.372206 -32.367818 -32.365188 -32.364466
-32.892754 -32.855024 -32.816775 -32.778051 -32.738950 -32.699647 -32.660396 -32.621552 -32.583615 -32.547233 -32.513132 -32.481948 -32.454046 -32.429455 -32.407926 -32.389081 -32.372525 -32.357901 -32.344908 -32.333315 -32.322980 -32.313853 -32.305953 -32.299346 -32.294119 -32.290362
-32.841644 -32.803703 -32.765283 -32.726413 -32.687170 -32.647709 -32.608260 -32.569160 -32.530887 -32.494081 -32.459459 -32.427659 -32.399053 -32.373678 -32.351292 -32.331515 -32.313947 -32.298220 -32.284012 -32.271064 -32.259198 -32.248318 -32.238393 -32.229427 -32.221442 -32.214464
-32.789756 -32.751591 -32.712986 -32.673953 -32.634550 -32.594910 -32.555243 -32.515863 -32.477232 -32.439975 -32.404804 -32.372359 -32.343018 -32.316826 -32.293548 -32.272803 -32.254186 -32.237317 -32.221856 -32.207514 -32.194079 -32.181411 -32.169430 -32.158083 -32.147323 -32.137101
-32.736525 -32.698117 -32.659310 -32.620098 -32.580517 -32.540680 -32.500774 -32.461094 -32.422083 -32.384352 -32.348609 -32.315493 -32.285392 -32.258360 -32.234165 -32.212430 -32.192744 -32.174717 -32.157991 -32.142252 -32.127253 -32.112822 -32.098835 -32.085193 -32.071790 -32.058501
-32.681483 -32.642794 -32.603764 -32.564352 -32.524575 -32.484522 -32.444359 -32.404359 -32.364949 -32.326725 -32.290390 -32.256586 -32.225708 -32.197820 -32.172697 -32.149965 -32.129210 -32.110030 -32.092054 -32.074946 -32.058433 -32.042314 -32.026436 -32.010667 -31.994863 -31.978855
-32.624292 -32.585319 -32.546044 -32.506413 -32.466420 -32.426133 -32.385697 -32.345363 -32.305538 -32.266808 -32.229870 -32.195368 -32.163709 -32.134965 -32.108920 -32.085202 -32.063396 -32.043094 -32.023910 -32.005494 -31.987551 -31.969861 -31.952254 -31.934578 -31.916662 -31.898275
-32.564815 -32.525521 -32.485980 -32.446111 -32.405885 -32.365350 -32.324627 -32.283946 -32.243699 -32.204457 -32.166913 -32.131718 -32.099286 -32.069701 -32.042757 -32.018085 -31.995268 -31.973897 -31.953575 -31.933938 -31.914680 -31.895565 -31.876419 -31.857085 -31.837384 -31.817066
-32.502744 -32.463145 -32.423329 -32.383208 -32.342736 -32.301938 -32.260916 -32.219881 -32.179205 -32.139452 -32.101310 -32.065435 -32.032253 -32.001858 -31.974053 -31.948475 -31.924708 -31.902339 -31.880966 -31.860215 -31.839770 -31.819393 -31.798908 -31.778163 -31.756993 -31.735161
-32.437645 -32.397736 -32.357638 -32.317253 -32.276519 -32.235446 -32.194114 -32.152717 -32.111612 -32.071352 -32.032626 -31.996095 -31.962194 -31.931031 -31.902416 -31.875992 -31.851345 -31.828060 -31.805732 -31.783981 -31.762486 -31.741006 -31.719373 -31.697448 -31.675087 -31.652088
-32.368905 -32.328685 -32.288296 -32.247632 -32.206620 -32.165256 -32.123604 -32.081837 -32.040301 -31.999543 -31.960252 -31.923094 -31.888517 -31.856636 -31.827272 -31.800069 -31.774618 -31.750505 -31.727321 -31.704683 -31.682266 -31.659835 -31.637225 -31.614316 -31.590989 -31.567084
-32.295887 -32.255358 -32.214667 -32.173707 -32.132399 -32.090728 -32.048742 -32.006598 -31.964631 -31.923383 -31.883550 -31.845805 -31.810602 -31.778065 -31.748018 -31.720113 -31.693941 -31.669088 -31.645147 -31.621729 -31.598512 -31.575261 -31.551823 -31.528092 -31.503969 -31.479323
-32.218020 -32.177175 -32.136171 -32.094897 -32.053275 -32.011280 -31.968945 -31.926415 -31.884015 -31.842290 -31.801942 -31.763654 -31.727886 -31.694764 -31.664113 -31.635586 -31.608780 -31.583280 -31.558677 -31.534584 -31.510676 -31.486724 -31.462583 -31.438158 -31.413370 -31.388109
-32.134822 -32.093660 -32.052332 -32.010729 -31.968776 -31.926443 -31.883748 -31.840824 -31.797989 -31.755796 -31.714962 -31.676182 -31.639918 -31.606290 -31.575120 -31.546060 -31.518708 -31.492653 -31.467485 -31.442812 -31.418314 -31.393765 -31.369027 -31.344018 -31.318668 -31.292880
-32.046101 -32.004621 -31.962957 -31.921007 -31.878709 -31.836026 -31.792965 -31.749640 -31.706370 -31.663718 -31.622426 -31.583206 -31.546520 -31.512473 -31.480875 -31.451373 -31.423567 -31.397049 -31.371406 -31.346247 -31.321250 -31.296194 -31.270952 -31.245446 -31.219614 -31.193369
-31.952185 -31.910392 -31.868372 -31.826054 -31.783398 -31.740364 -31.696938 -31.653214 -31.609504 -31.566397 -31.524673 -31.485070 -31.448044 -31.413673 -31.381741 -31.351889 -31.323720 -31.296830 -31.270803 -31.245243 -31.219827 -31.194345 -31.168676 -31.142748 -31.116498 -31.089842
-31.853808 -31.811750 -31.769425 -31.726783 -31.683809 -31.640458 -31.596693 -31.552586 -31.508443 -31.464881 -31.422737 -31.382795 -31.345504 -31.310900 -31.278727 -31.248611 -31.220163 -31.192989 -31.166665 -31.140784 -31.115025 -31.089189 -31.063171 -31.036903 -31.010316 -30.983316
-31.752059 -31.709772 -31.667235 -31.624378 -31.581178 -31.537580 -31.493540 -31.449112 -31.404582 -31.360584 -31.318022 -31.277744 -31.240210 -31.205418 -31.173062 -31.142745 -31.114088 -31.086708 -31.060174 -31.034058 -31.008035 -30.981920 -30.955626 -30.929101 -30.902270 -30.875016
-31.648431 -31.605888 -31.563095 -31.520005 -31.476593 -31.432790 -31.388535 -31.343854 -31.299003 -31.254613 -31.211649 -31.171041 -31.133280 -31.098328 -31.065832 -31.035363 -31.006553 -30.979036 -30.952369 -30.926097 -30.899882 -30.873549 -30.847027 -30.820274 -30.793222 -30.765747
-31.543813 -31.501031 -31.458003 -31.414699 -31.371096 -31.327118 -31.282691 -31.237816 -31.192701 -31.147960 -31.104618 -31.063707 -31.025753 -30.990687 -30.958097 -30.927518 -30.898597 -30.870998 -30.844259 -30.817886 -30.791532 -30.765032 -30.738331 -30.711398 -30.684174 -30.656528
-31.438718 -31.395697 -31.352455 -31.308980 -31.265222 -31.221100 -31.176545 -31.131533 -31.086222 -31.041184 -30.997495 -30.956297 -30.918170 -30.883015 -30.850364 -30.819708 -30.790707 -30.763066 -30.736304 -30.709880 -30.683433 -30.656815 -30.629983 -30.602919 -30.575574 -30.547810
-31.333243 -31.290024 -31.246648 -31.203030 -31.159130 -31.114884 -31.070229 -31.025132 -30.979700 -30.934440 -30.890444 -30.848972 -30.810677 -30.775445 -30.742759 -30.712052 -30.682993 -30.655340 -30.628593 -30.602158 -30.575660 -30.548965 -30.522041 -30.494882 -30.467461 -30.439656
-31.227751 -31.184226 -31.140690 -31.096913 -31.052859 -31.008487 -30.963747 -30.918601 -30.873123 -30.827743 -30.783514 -30.741779 -30.703301 -30.667985 -30.635284 -30.604568 -30.575479 -30.547823 -30.521114 -30.494708 -30.468205 -30.441472 -30.414484 -30.387240 -30.359733 -30.331888
-31.122571 -31.078610 -31.034701 -30.990659 -30.946412 -30.901903 -30.857072 -30.811874 -30.766359 -30.720910 -30.676546 -30.634650 -30.596060 -30.560703 -30.528015 -30.497326 -30.468255 -30.440624 -30.413958 -30.387595 -30.361112 -30.334370 -30.307340 -30.280020 -30.252404 -30.224452
-31.017240 -30.972898 -30.928566 -30.884225 -30.839775 -30.795125 -30.750199 -30.704935 -30.659360 -30.613842 -30.569414 -30.527494 -30.488923 -30.453614 -30.420987 -30.390362 -30.361356 -30.333793 -30.307191 -30.280878 -30.254431 -30.227704 -30.200668 -30.173315 -30.145635 -30.117595
-30.911613 -30.866894 -30.822117 -30.777520 -30.732900 -30.688134 -30.643130 -30.597805 -30.552155 -30.506537 -30.462068 -30.420245 -30.381837 -30.346679 -30.314177 -30.283640 -30.254736 -30.227307 -30.200814 -30.174571 -30.148176 -30.121500 -30.094511 -30.067196 -30.039533 -30.011449
-30.803340 -30.759538 -30.715122 -30.670486 -30.625772 -30.580932 -30.535893 -30.490571 -30.444928 -30.399259 -30.354707 -30.312936 -30.274706 -30.239735 -30.207427 -30.177011 -30.148196 -30.120954 -30.094658 -30.068538 -30.042236 -30.015655 -29.988771 -29.961579 -29.934114 -29.906443
-30.697276 -30.652508 -30.607836 -30.563108 -30.518318 -30.473434 -30.428398 -30.383140 -30.337630 -30.292100 -30.247560 -30.205711 -30.167496 -30.132640 -30.100533 -30.070349 -30.041694 -30.014616 -29.988555 -29.962684 -29.936598 -29.910198 -29.883463 -29.856380 -29.828939 -29.801116
-30.590560 -30.545341 -30.500378 -30.455480 -30.410595 -30.365677 -30.320660 -30.275470 -30.230066 -30.184651 -30.140197 -30.098421 -30.060319 -30.025630 -29.993731 -29.963779 -29.935361 -29.908525 -29.882718 -29.857106 -29.831272 -29.805107 -29.778577 -29.751657 -29.724333 -29.696587
-30.483405 -30.437851 -30.392617 -30.347547 -30.302580 -30.257649 -30.212671 -30.167560 -30.122265 -30.076974 -30.032648 -29.991013 -29.953081 -29.918598 -29.886936 -29.857250 -29.829118 -29.802579 -29.777079 -29.751787 -29.726278 -29.700433 -29.674204 -29.647554 -29.620452 -29.592882
-30.375758 -30.329912 -30.284443 -30.239247 -30.194247 -30.149347 -30.104439 -30.059426 -30.014249 -29.969093 -29.924915 -29.883445 -29.845707 -29.811451 -29.780050 -29.750658 -29.722852 -29.696661 -29.671533 -29.646641 -29.621559 -29.596160 -29.570382 -29.544167 -29.517460 -29.490213
-30.267505 -30.221381 -30.175755 -30.130542 -30.085604 -30.040796 -29.995992 -29.951091 -29.906038 -29.861019 -29.816990 -29.775682 -29.738130 -29.704096 -29.672957 -29.643869 -29.616406 -29.590595 -29.565889 -29.541474 -29.516929 -29.492124 -29.466995 -29.441469 -29.415463 -29.388876
-30.158445 -30.112072 -30.066501 -30.021470 -29.976713 -29.932055 -29.887373 -29.842582 -29.797643 -29.752751 -29.708861 -29.667694 -29.630301 -29.596462 -29.565555 -29.536747 -29.509608 -29.484160 -29.459878 -29.435966 -29.412015 -29.387913 -29.363613 -29.339065 -29.314204 -29.288932
-30.048011 -30.001737 -29.956730 -29.912108 -29.867612 -29.823118 -29.778546 -29.733839 -29.688982 -29.644195 -29.600441 -29.559421 -29.522178 -29.488508 -29.457790 -29.429205 -29.402325 -29.377164 -29.353223 -29.329730 -29.306289 -29.282804 -29.259268 -29.235699 -29.212175 -29.188923
